# Made in Blockbench 4.10.4
mtllib stttt.mtl

o cube
v 0.2541993184933642 0.5006457361030499 0.1449031450689371
v -0.1487753877667536 0.034285686810022864 -0.28243710641455844
v 0.2541993184933643 0.45842134812707147 0.19098297861957025
v -0.1487753877667536 -0.007938701165955464 -0.23635727286392527
v -0.2541993184933643 0.08380303984890691 -0.2370628121702033
v 0.14877538776675348 0.5501630891419338 0.19027743931329222
v -0.2541993184933643 0.04157865187292853 -0.19098297861957025
v 0.1487753877667536 0.5079387011659555 0.23635727286392527
vt 0 1
vt 0.125 1
vt 0.125 0.9375
vt 0 0.9375
vt 0 1
vt 0.75 1
vt 0.75 0.9375
vt 0 0.9375
vt 0 1
vt 0.125 1
vt 0.125 0.9375
vt 0 0.9375
vt 0 1
vt 0.75 1
vt 0.75 0.9375
vt 0 0.9375
vt 0 1
vt 0.125 1
vt 0.125 0.25
vt 0 0.25
vt 0 1
vt 0.125 1
vt 0.125 0.25
vt 0 0.25
vn -0.5372996083468239 -0.6218133990573693 -0.569787001977994
vn 0.8433914458128858 -0.3961388243110718 -0.36299435395484053
vn 0.5372996083468239 0.6218133990573693 0.569787001977994
vn -0.8433914458128858 0.3961388243110718 0.36299435395484053
vn -3.0531133177191805e-16 0.6755902076156541 -0.7372773368101296
vn 3.0531133177191805e-16 -0.6755902076156541 0.7372773368101296
usemtl m_4068a95c-51d2-8339-3cac-9dc7e8f255cb
f 4/4/1 7/3/1 5/2/1 2/1/1
f 3/8/2 4/7/2 2/6/2 1/5/2
f 8/12/3 3/11/3 1/10/3 6/9/3
f 7/16/4 8/15/4 6/14/4 5/13/4
f 6/20/5 1/19/5 2/18/5 5/17/5
f 7/24/6 4/23/6 3/22/6 8/21/6
o cube
v 0.14877538776675348 0.5501630891419338 0.19027743931329222
v -0.2541993184933643 0.08380303984890691 -0.23706281217020336
v 0.09606342240344823 0.5749217656613759 0.21296458643546967
v -0.30691128385666966 0.10856171636834888 -0.2143756650480258
v -0.25419931849336436 0.16825181580086368 -0.3292224792714696
v 0.14877538776675348 0.6346118650938908 0.098117772212026
v -0.3069112838566697 0.19301049232030565 -0.306535332149292
v 0.09606342240344812 0.6593705416133326 0.12080491933420356
vt 0 1
vt 0.125 1
vt 0.125 0.9375
vt 0 0.9375
vt 0 1
vt 0.75 1
vt 0.75 0.9375
vt 0 0.9375
vt 0 1
vt 0.125 1
vt 0.125 0.9375
vt 0 0.9375
vt 0 1
vt 0.75 1
vt 0.75 0.9375
vt 0 0.9375
vt 0 1
vt 0.125 1
vt 0.125 0.25
vt 0 0.25
vt 0 1
vt 0.125 1
vt 0.125 0.25
vt 0 0.25
vn -0.5372996083468239 -0.6218133990573693 -0.569787001977994
vn 4.996003610813204e-16 -0.6755902076156542 0.7372773368101295
vn 0.5372996083468239 0.6218133990573693 0.569787001977994
vn -4.996003610813204e-16 0.6755902076156542 -0.7372773368101295
vn 0.8433914458128858 -0.3961388243110716 -0.3629943539548407
vn -0.8433914458128858 0.3961388243110716 0.3629943539548407
usemtl m_4068a95c-51d2-8339-3cac-9dc7e8f255cb
f 12/28/7 15/27/7 13/26/7 10/25/7
f 11/32/8 12/31/8 10/30/8 9/29/8
f 16/36/9 11/35/9 9/34/9 14/33/9
f 15/40/10 16/39/10 14/38/10 13/37/10
f 14/44/11 9/43/11 10/42/11 13/41/11
f 15/48/12 12/47/12 11/46/12 16/45/12
o cube
v 0.30691128385666966 0.475887059583608 0.12221599794675952
v -0.09606342240344823 0.009527010290580895 -0.305124253536736
v 0.2541993184933642 0.5006457361030499 0.1449031450689371
v -0.1487753877667536 0.034285686810022975 -0.28243710641455844
v -0.09606342240344828 0.09397578624253766 -0.3972839206380022
v 0.30691128385666955 0.5603358355355648 0.030056330845493306
v -0.14877538776675364 0.11873446276197974 -0.37459677351582465
v 0.2541993184933642 0.5850945120550066 0.05274347796767087
vt 0 1
vt 0.125 1
vt 0.125 0.9375
vt 0 0.9375
vt 0 1
vt 0.75 1
vt 0.75 0.9375
vt 0 0.9375
vt 0 1
vt 0.125 1
vt 0.125 0.9375
vt 0 0.9375
vt 0 1
vt 0.75 1
vt 0.75 0.9375
vt 0 0.9375
vt 0 1
vt 0.125 1
vt 0.125 0.25
vt 0 0.25
vt 0 1
vt 0.125 1
vt 0.125 0.25
vt 0 0.25
vn -0.5372996083468239 -0.6218133990573693 -0.569787001977994
vn 4.996003610813204e-16 -0.6755902076156542 0.7372773368101295
vn 0.5372996083468239 0.6218133990573693 0.569787001977994
vn -4.996003610813204e-16 0.6755902076156542 -0.7372773368101295
vn 0.8433914458128858 -0.3961388243110716 -0.3629943539548407
vn -0.8433914458128858 0.3961388243110716 0.3629943539548407
usemtl m_4068a95c-51d2-8339-3cac-9dc7e8f255cb
f 20/52/13 23/51/13 21/50/13 18/49/13
f 19/56/14 20/55/14 18/54/14 17/53/14
f 24/60/15 19/59/15 17/58/15 22/57/15
f 23/64/16 24/63/16 22/62/16 21/61/16
f 22/68/17 17/67/17 18/66/17 21/65/17
f 23/72/18 20/71/18 19/70/18 24/69/18
o cube
v 0.2541993184933642 0.6273189000309851 0.006663644417037817
v -0.14877538776675364 0.16095885073795801 -0.42067660706645776
v 0.2541993184933642 0.5850945120550066 0.05274347796767087
v -0.1487753877667536 0.11873446276197974 -0.37459677351582465
v -0.25419931849336436 0.21047620377684206 -0.3753023128221027
v 0.14877538776675348 0.676836253069869 0.052037938661392835
v -0.25419931849336436 0.16825181580086368 -0.3292224792714695
v 0.14877538776675348 0.6346118650938906 0.098117772212026
vt 0 1
vt 0.125 1
vt 0.125 0.9375
vt 0 0.9375
vt 0 1
vt 0.75 1
vt 0.75 0.9375
vt 0 0.9375
vt 0 1
vt 0.125 1
vt 0.125 0.9375
vt 0 0.9375
vt 0 1
vt 0.75 1
vt 0.75 0.9375
vt 0 0.9375
vt 0 1
vt 0.125 1
vt 0.125 0.25
vt 0 0.25
vt 0 1
vt 0.125 1
vt 0.125 0.25
vt 0 0.25
vn -0.5372996083468239 -0.6218133990573693 -0.569787001977994
vn 0.8433914458128858 -0.3961388243110718 -0.36299435395484053
vn 0.5372996083468239 0.6218133990573693 0.569787001977994
vn -0.8433914458128858 0.3961388243110718 0.36299435395484053
vn -3.0531133177191805e-16 0.6755902076156541 -0.7372773368101296
vn 3.0531133177191805e-16 -0.6755902076156541 0.7372773368101296
usemtl m_4068a95c-51d2-8339-3cac-9dc7e8f255cb
f 28/76/19 31/75/19 29/74/19 26/73/19
f 27/80/20 28/79/20 26/78/20 25/77/20
f 32/84/21 27/83/21 25/82/21 30/81/21
f 31/88/22 32/87/22 30/86/22 29/85/22
f 30/92/23 25/91/23 26/90/23 29/89/23
f 31/96/24 28/95/24 27/94/24 32/93/24